      0/54     10.1G   0.07612    0.0116    0.0289    0.1166        20       640 0.0004172   0.08895 0.0001098 2.516e-05    0.1124   0.00936   0.03216
      1/54     10.6G   0.05761  0.007162   0.02568   0.09046        24       640   0.01353   0.09838  0.004869  0.001355    0.1032   0.00828   0.03197
      2/54     10.6G    0.0502  0.006047    0.0223   0.07854        30       640         0         0         0         0    0.1609     743.9     4.114
      3/54     10.6G   0.03949  0.005972   0.01958   0.06504        25       640    0.4455   0.04077    0.0189   0.00449    0.1162  0.006015   0.03049
      4/54     10.6G   0.03552  0.006348   0.01948   0.06135        16       640   0.08103    0.3413   0.07662   0.02122   0.09414   0.00827   0.02941
      5/54     10.6G   0.04162  0.005968   0.02068   0.06827        28       640         0         0         0         0    0.1189  0.006262   0.03419
      6/54     10.6G   0.04562  0.005052   0.02054   0.07121        20       640         0         0         0         0    0.1414   0.01267    0.2901
      7/54     10.6G   0.04415  0.004907   0.01917   0.06822        26       640    0.2415    0.2328   0.01552  0.004718    0.1017  0.009123   0.03763
      8/54     10.6G   0.03881  0.005205    0.0189   0.06292        18       640    0.5304    0.2064    0.1299   0.03775   0.09358  0.007713   0.03009
      9/54     10.6G   0.03794  0.005012   0.01923   0.06218        25       640    0.6098    0.1644    0.1292   0.05357   0.09943  0.006869   0.03945
     10/54     10.6G   0.03367  0.004455   0.01845   0.05658        17       640    0.1611    0.5354    0.2213    0.1228     0.101  0.005539   0.03462
     11/54     10.6G   0.03289  0.003691   0.01836   0.05494        29       640    0.5062    0.3148    0.3274    0.1499     0.104  0.004662    0.0336
     12/54     10.6G   0.02827  0.003276   0.01778   0.04933        36       640    0.5303    0.4212    0.4243    0.2152    0.1027   0.00422   0.02998
     13/54     10.6G   0.02602  0.003205   0.01721   0.04643        17       640    0.6531    0.4271    0.4961    0.2418    0.1028  0.004064    0.0292
     14/54     10.6G   0.02797  0.003101   0.01769   0.04876        35       640         0         0         0         0       nan       nan       nan
     15/54     10.6G    0.0366  0.003654   0.01852   0.05878        20       640    0.2022   0.01952 0.0003948 0.0001345    0.1146  0.008069   0.05868
     16/54     10.6G   0.03412  0.003495   0.01844   0.05606        18       640    0.3869    0.3335    0.2092   0.05649    0.1022  0.006328   0.03055
     17/54     10.6G    0.0303  0.003411   0.01693   0.05064        27       640    0.3012      0.73    0.4379    0.2052   0.09418  0.005521   0.04654
     18/54     10.6G   0.02973  0.003539   0.01655   0.04983        22       640     0.378    0.7554    0.5321    0.2724   0.08811  0.005515   0.02797
     19/54     10.6G   0.02642  0.003494     0.015   0.04491        22       640    0.5649    0.7488    0.6164    0.3222    0.0905  0.004911   0.02749
     20/54     10.6G   0.02743  0.003344    0.0147   0.04547        24       640    0.6063    0.7677    0.6605    0.3285    0.0926  0.004429   0.02613
     21/54     10.6G   0.02598  0.003358   0.01399   0.04333        26       640    0.6744    0.6287    0.6323    0.3443   0.08901  0.004631   0.02519
     22/54     10.6G    0.0251  0.003461    0.0135   0.04207        27       640    0.6098    0.7678    0.6832     0.348   0.08691  0.004794    0.0241
     23/54     10.6G   0.02464  0.003448   0.01322    0.0413        26       640    0.6097    0.8366     0.769    0.4314   0.08495  0.004838   0.02308
     24/54     10.6G   0.02449  0.003194   0.01238   0.04006        17       640     0.727    0.8486    0.8167    0.4588   0.08234  0.005062   0.02241
     25/54     10.6G   0.02369  0.003257   0.01128   0.03823        18       640    0.7706    0.8302    0.8556    0.4587   0.08223  0.005177    0.0224
     26/54     10.6G   0.02322  0.003232   0.01096   0.03741        29       640    0.7161    0.8459    0.8394    0.4463   0.08284  0.005049   0.02257
     27/54     10.6G   0.02365  0.003135   0.01032   0.03711        25       640    0.7821     0.734    0.8347    0.4425   0.08112   0.00509   0.02152
     28/54     10.6G   0.02433  0.003145   0.01028   0.03775        17       640    0.8152    0.8432     0.889    0.5132   0.08024  0.005196   0.02077
     29/54     10.6G   0.02336  0.003132  0.009547   0.03604        16       640    0.8781    0.8205    0.9353    0.4929   0.08236  0.005158   0.02006
     30/54     10.6G   0.02238  0.003119  0.009199    0.0347        30       640    0.8276    0.8548    0.9279    0.5089     0.081   0.00511    0.0204
     31/54     10.6G   0.02222  0.003017  0.009021   0.03426        19       640    0.8617    0.8692     0.943    0.5575    0.0808  0.005014   0.01954
     32/54     10.6G   0.02284  0.003036  0.009025    0.0349        36       640    0.9199    0.8005     0.929    0.5564   0.07998   0.00508   0.01952
     33/54     10.6G   0.02207  0.003035  0.008852   0.03396        26       640    0.9439    0.8935    0.9572    0.5469   0.08059  0.004959   0.01855
     34/54     10.6G   0.02151  0.002946  0.008499   0.03295        26       640    0.8884    0.9425    0.9623     0.521   0.08099  0.005152   0.01861
     35/54     10.6G   0.02302  0.002998  0.008181    0.0342        31       640    0.8751    0.9305    0.9563    0.5524   0.08106  0.004771   0.01921
     36/54     10.6G   0.02133  0.003008  0.008124   0.03246        27       640    0.9441    0.8681    0.9667    0.5736   0.08045  0.004963   0.01874
     37/54     10.6G   0.02199  0.002855  0.007758   0.03261        30       640    0.9473    0.8962    0.9767     0.559   0.08159  0.004847   0.01805
     38/54     10.6G   0.02056  0.002737  0.007552   0.03085        29       640    0.9326    0.8661    0.9752    0.5515   0.08197  0.004919   0.01817
     39/54     10.6G   0.02091   0.00288  0.007807    0.0316        25       640    0.9576    0.9487    0.9797    0.5872   0.08094  0.004623   0.01815
     40/54     10.6G   0.02253  0.002833   0.00777   0.03314        30       640    0.9264    0.9572    0.9861    0.5965   0.08106  0.004664   0.01786
     41/54     10.6G   0.01993  0.002875    0.0069   0.02971        15       640    0.9558    0.9352    0.9854    0.6177    0.0805   0.00456   0.01773
     42/54     10.6G   0.02064  0.002872  0.007165   0.03067        16       640    0.9128    0.9773    0.9791    0.5721   0.08146  0.004631   0.01777
     43/54     10.6G   0.02006  0.002774  0.006648   0.02949        18       640    0.9575    0.9474    0.9864    0.6247   0.08058  0.004715   0.01739
     44/54     10.6G   0.01969  0.002739  0.006258   0.02869        15       640    0.9523    0.9236    0.9887     0.606   0.08107  0.004665   0.01766
     45/54     10.6G   0.02122  0.002775  0.007114   0.03111        19       640    0.9777    0.9414    0.9893    0.5985   0.08117  0.004765   0.01704
     46/54     10.6G   0.02068  0.002624  0.006367   0.02967        27       640    0.9219    0.9757    0.9896    0.5791   0.08189  0.004655    0.0175
     47/54     10.6G      0.02  0.002643  0.006502   0.02914        37       640    0.9414    0.9993    0.9925    0.5908   0.08151   0.00454   0.01673
     48/54     10.6G   0.01965  0.002646  0.006365   0.02866        22       640    0.9925    0.9401    0.9945    0.6077    0.0806  0.004702   0.01687
     49/54     10.6G   0.01836  0.002551   0.00575   0.02666        24       640    0.9517    0.9851    0.9931    0.6063   0.08095  0.004556   0.01694
     50/54     10.6G   0.01865   0.00251  0.006175   0.02734        21       640    0.9686    0.9366    0.9928    0.6142   0.08069  0.004542   0.01662
     51/54     10.6G   0.01788  0.002561  0.005789   0.02623        18       640    0.9851    0.9445    0.9944    0.6157   0.08079  0.004516   0.01662
     52/54     10.6G   0.02049  0.002583  0.005998   0.02907        27       640    0.9809    0.9399    0.9946    0.6241   0.08029  0.004526   0.01664
     53/54     10.6G   0.01927  0.002623  0.005767   0.02766        16       640    0.9667    0.9852    0.9932    0.5851   0.08187  0.004454    0.0167
     54/54     10.6G   0.01781  0.002515  0.005378    0.0257        25       640     0.987    0.9863    0.9947    0.6272    0.0809  0.004479   0.01699
